275703
258181
199591
104458
251279
146576
160680
183139
119005
184722
203563
185231
264386
126655
236089
107406
181225
110236
227541
289973
257886
230552
249224
169993
255610
271072
208148
100639
203349
274213
109442
117030
107954
169955
255334
255446
112025
175636
256593
217973
128587
244456
243909
269045
275176
248789
223945
264700
140686
217788
165285
114329
206824
193055
129309
128429
276467
262867
112339
169521
159274
218630
219628
125822
121039
129580
223261
267331
100897
213447
241239
98153
129377
204528
211834
197397
245188
108339
141314
121923
185084
250430
199367
231224
223578
227373
167193
215104
142888
266671
160364
199536
146754
250905
163364
190853
117686
146994
129008
200005
216427
252618
115067
271481
107788
182198
273318
169196
111186
167674
144326
234785
142624
103126
204210
124298
234836
82558
181172
167431
211669
121185
235195
260424
258376
109387
147094
243937
281884
178668
162294
207990
156125
122948
143985
125332
141227
243131
109595
253769
229102
251096
125178
121012
133889
150582
274268
169261
118360
283328
177841
120706
256840
202846
298196
219270
108789
121301
115791
128893
143663
160969
101893
200446
200871
193254
240332
96856
122387
103599
236810
198171
237064
138524
282125
149740
203016
116403
113648
172434
110453
134341
150067
184467
252403
221019
240829
139320
135798
106515
133257
149390
258568
227421
113472
250310
122145
114202
266483
160207
