0
0
0
0
0
0
0
0
0
0
0
0
0
0
0
0
0
0
0
0
0
0
0
0
0
0
0
0
0
0
0
0
0
0
0
0
0
0
0
0
0
0
0
0
0
0
0
0
0
0
0
0
0
0
0
0
0
0
0
0
0
0
0
0
0
0
0
0
0
0
0
0
0
0
0
0
1
0
1
5
3
4
0
1
6
5
6
5
5
4
7
6
6
9
19
20
14
22
38
24
36
44
47
51
74
65
93
104
128
128
163
179
225
251
282
279
348
396
429
532
555
629
702
741
878
954
1050
1229
1289
1547
1622
1841
2090
2212
2480
2588
3028
3392
3639
3988
4358
4935
5364
5797
6179
6895
7325
8129
8694
9403
10275
11149
12022
12709
13752
14904
15917
17153
18290
19555
20986
21962
23535
25105
26564
28150
29724
31270
32960
35000
36878
38700
40408
42754
44518
46892
48214
50753
52814
54713
56805
58796
61449
63429
65327
67416
69463
71790
74318
76075
78391
80391
82237
84648
85924
87730
90130
91896
93208
94726
97305
98390
99826
100877
102935
103634
104523
105906
107137
107975
109833
109633
110733
112123
111810
112739
113065
113306
113908
114139
115073
114695
115403
115556
114874
114835
114906
115574
115198
114777
114488
114333
114391
113965
113593
112994
112824
112028
111240
111454
110835
110023
109530
109044
108467
108179
107313
106534
105729
105452
105116
105083
103305
102777
102592
101469
101780
100894
99972
99865
99659
98154
97913
96996
96248
96759
95584
94779
94348
94734
93438
93766
93305
92449
92577
91574
91612
90438
90317
89869
89809
89139
88762
88457
88199
88144
87932
87146
86990
86283
85997
86242
85763
85355
85163
84671
84218
85055
84401
84281
84001
83792
83888
83582
82924
83397
83133
82621
82834
82176
82790
81827
81607
81898
81881
81383
81118
81438
81078
81256
81197
81118
80668
81294
80483
80042
80469
80801
80878
79969
80674
80391
80429
80142
80315
79945
80296
79847
80329
79778
79990
79767
80055
80066
79488
79691
79521
79695
79851
79764
80066
80023
79509
79907
79743
79668
79908
79414
79879
80421
79918
79264
79558
79842
79333
79944
79634
79918
79852
80131
80215
80342
80244
80449
80509
80519
80207
80553
80230
80544
80278
80370
80201
80528
80411
80751
80949
80620
80927
80876
80406
80630
80666
80541
81281
81266
80640
81221
81140
81299
81454
81273
81540
82012
81313
81598
82060
81613
81929
81711
81927
81935
82085
82122
82494
82679
82360
82655
82597
82154
82350
83104
83050
82974
82679
82734
82999
83281
83409
82865
82921
83233
83391
83296
82410
83112
82580
83550
83427
83495
83786
84178
83774
83739
83909
83656
84374
84228
83941
84452
83936
84425
83844
84401
84795
85137
84235
84775
85245
84504
84816
85279
85144
85150
84767
85113
85046
85132
85447
85442
85653
85929
85779
85654
85859
85679
85832
85760
86475
86294
86333
85757
86856
86140
85976
86559
86398
86847
86413
86568
86709
86625
86979
87019
86906
86871
87324
87393
87304
86884
87447
87972
87124
87393
87416
87390
88096
87384
87968
88206
88060
87612
88392
87816
88136
87734
88167
87908
88496
88542
88063
88790
88580
88715
88849
89137
88316
88678
89159
88531
88948
88510
89127
89446
88901
88821
89743
89029
89527
89361
89554
89341
89853
89928
89359
89732
90286
90117
89849
90093
89883
90195
90453
90431
90437
90159
90832
89738
90261
90288
90279
89623
90692
90530
90458
90053
90536
90790
90555
91341
91594
90841
90784
91515
91290
91410
91207
91409
91472
91310
91660
91782
91607
91770
91881
92024
91908
92407
91494
91774
92303
92988
92227
92385
92002
92557
92551
92708
93037
92363
92811
92750
92908
92819
93126
93406
93303
93942
93638
93532
93880
93556
94159
94282
94391
94118
94096
94109
94360
94447
94364
94307
94611
95000
95227
94590
95423
95095
95399
95672
95006
95062
96154
95679
96087
96159
96605
96556
96148
96322
96544
96485
97857
96762
96640
97275
97330
98186
97306
97348
97745
98357
98269
98357
97941
98841
98982
98302
99026
99523
99614
99768
99105
99663
99662
99995
99828
99561
100762
100148
100716
100338
101132
101496
101118
101380
101357
101155
102029
101995
102509
102758
102765
102850
102891
102910
103503
103288
103240
104317
103373
104011
104161
104465
104955
104655
105135
105416
105026
106050
105500
105958
106005
106831
106801
106878
107595
107492
107567
107746
108725
108551
109434
108461
109587
110096
109481
109810
110164
110585
110871
111244
111912
111235
111670
111775
111759
111830
112720
112744
113585
113818
113658
114034
114558
115105
114444
115090
115448
116428
116110
116409
116993
116433
117869
117781
117977
118264
117887
118444
119338
119395
119735
119345
120302
120477
121162
121398
121826
122124
122057
123349
122819
122892
123979
124422
124225
124360
125516
125523
126351
126320
127145
126563
127458
127183
128144
127892
128892
128431
129495
130117
130387
130862
131011
131292
131469
131807
132306
132775
132913
133863
133585
134279
134495
135063
135086
135120
135507
136599
136668
137167
137752
137882
138362
138648
139025
139281
139640
140252
140906
141621
141207
141486
142233
142205
142614
141931
143276
143778
143619
143719
144895
145042
145120
145764
145876
146183
146925
147334
147439
147902
147836
148299
148559
148271
149691
149763
149982
150017
151252
150945
150798
151429
151476
151560
151179
152187
152602
152888
152646
153424
153032
153585
153872
154778
154171
154830
155424
155382
155866
155522
155618
156128
156125
156896
156879
156362
156865
156738
157001
157585
157224
157657
157851
157989
157803
157914
158224
158237
157728
157884
159403
157699
158481
158546
159151
158662
159021
158429
159459
159064
158570
158387
159358
159515
159893
158989
158598
158887
159003
158837
159458
158785
157814
158468
158275
157944
158177
158375
158570
158554
159206
157571
157761
158435
159591
158365
157888
157642
157672
157483
157358
157058
156498
156838
156868
156174
156431
156233
156491
156155
155920
156185
154886
155712
155129
155381
154755
154702
153872
153904
153314
153862
153141
152695
152900
152607
151885
152046
151223
151585
151009
151049
151164
150982
149758
149965
150256
150432
149226
149460
149158
148091
148290
148230
148092
146909
145912
147212
146759
146642
145619
145661
145232
144841
144920
143887
144268
144121
143629
143199
143011
143406
142521
141462
141939
141018
140778
140910
140579
140504
140227
139876
139682
139861
138534
137901
137943
138088
136838
136633
136888
136664
136409
135940
135805
134650
134176
134999
133742
134644
134327
133398
132559
133035
132580
132570
132196
131748
131527
130670
130409
130246
130775
130396
129300
128705
129174
128516
127840
128426
127253
127311
127184
126799
126672
127080
125759
125391
125618
125574
125214
124592
124993
124388
124058
123414
123124
123069
123128
122477
122922
122776
121056
121315
121605
121140
120448
120752
120590
119609
119713
119182
119320
119174
118879
118807
118207
118436
117677
117358
117584
117116
116851
116620
117070
116206
116646
115869
115268
115305
115917
115251
115348
114539
115015
114515
114206
114173
114203
114058
114356
113291
113337
112975
112430
112762
112721
112205
111311
112425
111863
111925
111700
111056
111039
111015
110843
110909
111004
110559
110654
110343
110143
110202
110601
109559
109542
110046
109114
109419
108781
109610
108924
109368
109095
108472
109373
108719
108804
108624
108265
108585
108124
108494
108411
108321
108288
108018
108221
107207
107461
107890
107292
107440
107358
106788
107885
107053
107684
107386
107184
106918
107361
107419
107492
107274
107531
107598
107302
107177
107172
107747
107178
106339
107948
106865
107638
107192
107923
107575
107487
107154
107098
107224
107198
107729
106863
107291
107429
107890
107988
107907
107470
108375
107453
107397
107498
107767
107931
108155
108054
108303
107416
108525
108249
108278
108345
108458
108034
109041
108516
109001
108791
108503
108719
109461
109875
109124
110266
109833
109750
109690
109353
110360
110247
110176
110440
110598
110701
111267
110853
111683
110915
111623
111874
111416
111652
111867
111912
112429
112560
112461
112835
113205
113075
113276
113061
113349
112941
113507
114092
114372
114662
113974
114290
114913
115027
115643
115351
115977
116035
115533
116451
116770
117348
117157
117449
117846
116912
117507
118072
118277
118239
118774
118816
118504
119467
119960
119620
120479
120086
120176
120725
120742
121218
121788
121853
122398
122644
123022
123543
123742
123648
123725
123527
124981
124429
125119
125200
125479
126494
125562
126737
127042
126759
126995
127199
126955
128084
128108
128281
129486
128991
129057
129384
129766
130276
130720
130431
130780
131649
131977
132387
131831
132070
132034
133578
133427
133357
134265
133902
134498
134162
135189
135545
135636
136313
136281
137018
136305
137072
136789
137956
137798
138105
137860
138625
138546
139139
139718
138887
140348
139528
140149
140509
140508
140930
140827
140866
140610
141460
141772
141782
141656
141921
142316
141786
142866
143230
142531
142316
143043
143591
143412
143066
143711
143264
143546
143066
143010
143859
143678
142933
142931
143834
143678
143150
143231
143170
143004
144037
143005
143520
142641
142893
141720
142372
142262
142060
142397
141459
141052
141302
141151
140421
141075
140475
140382
140224
139171
139149
139144
138511
137831
138076
137566
137179
136785
136695
136473
135590
135595
134639
134878
134116
133397
132113
132397
131555
131412
129810
129269
129105
128358
127714
127533
127312
126064
126304
125372
124110
123892
122843
122190
121750
121000
120104
118678
118051
117525
117507
115830
115612
114858
113684
112627
112105
111508
109985
109819
108729
107610
106576
105672
104918
104200
103225
102040
101754
101064
99223
98234
97488
96795
95919
94997
93982
92643
91498
91402
90304
89696
88129
87690
86836
85348
84190
83566
82929
81569
80739
79694
78638
78144
76408
75926
75908
74238
73127
71930
71437
69927
69686
68545
67755
67108
65469
65040
64301
63271
61837
61546
60654
59883
59017
58050
57121
56683
55484
54953
53641
53139
51854
51748
51033
50052
49121
48863
47495
46960
46306
45336
44882
44095
43579
42183
41843
41443
40351
39638
39250
38311
38110
37094
36604
36068
35629
35116
34181
33885
32781
32325
31781
31170
30501
30055
29512
28955
28521
28033
27674
26871
26425
25888
25539
25322
24571
23853
23529
23259
23037
22417
21732
21307
21255
20570
19975
19745
19501
19080
18715
18202
18038
17615
17258
16971
16710
16229
15857
15743
15151
15080
14556
14356
14116
13783
13441
13270
12960
12665
12206
11990
11680
11656
11322
11265
10897
10674
10339
10199
10105
9713
9375
9247
8964
8808
8551
8409
8207
7914
7926
7589
7488
7427
7185
6924
6798
6819
6524
6348
6295
6065
5919
5808
5844
5566
5599
5211
5187
4933
4952
4782
4732
4480
4473
4346
4346
4030
4064
3974
3881
3719
3717
3503
3565
3318
3311
3305
3207
2983
2954
3010
2898
2871
2740
2717
2659
2556
2491
2484
2406
2291
2359
2235
2140
2251
2102
1954
2047
1987
1885
1920
1862
1753
1772
1688
1705
1626
1603
1521
1444
1510
1485
1435
1407
1321
1345
1300
1287
1207
1212
1174
1179
1135
1152
1053
1063
1073
1021
1049
978
927
960
939
863
906
841
845
870
825
775
762
748
758
724
724
710
737
671
665
698
636
625
639
604
606
627
611
624
586
549
525
542
556
513
482
506
472
505
456
523
476
464
438
499
461
401
431
451
432
435
409
362
383
383
393
382
389
405
372
353
345
366
363
340
360
360
345
358
328
351
301
348
367
310
356
303
318
317
337
315
313
334
325
304
311
322
243
297
275
264
287
272
252
279
274
281
306
284
267
258
289
245
276
270
257
236
238
259
271
250
276
242
254
282
249
231
245
253
239
257
220
245
244
249
213
241
240
237
212
227
239
228
251
216
236
257
250
206
208
223
222
224
230
246
217
225
224
237
232
207
194
234
229
201
227
227
227
203
220
204
203
207
215
218
216
215
211
210
209
211
204
204
194
208
211
204
202
203
204
204
203
194
206
190
208
185
184
232
206
162
180
214
172
224
182
185
178
207
181
179
168
170
199
167
183
203
170
180
190
183
186
206
180
195
174
183
179
194
182
190
170
161
188
197
179
181
172
199
173
151
157
153
163
158
173
161
156
160
171
141
175
167
161
144
152
166
172
160
153
156
165
170
158
156
159
152
161
173
191
154
173
158
175
165
187
151
160
154
178
179
162
167
153
171
157
160
158
128
143
139
155
144
161
165
136
145
143
133
181
168
152
147
143
146
144
150
164
161
124
133
154
175
158
146
158
137
131
134
151
142
128
140
143
132
143
145
145
164
140
139
143
134
163
132
160
148
141
139
132
130
139
116
131
151
155
158
143
114
121
110
128
152
119
127
153
104
119
115
129
130
108
129
122
142
137
118
145
124
116
123
123
101
102
120
128
110
107
125
133
107
125
132
110
117
122
110
99
130
146
98
127
122
120
96
120
105
116
111
123
122
129
90
92
116
102
109
106
109
111
113
126
115
109
126
117
111
117
116
101
136
128
107
96
106
94
108
101
114
110
94
103
110
115
117
103
94
102
102
106
97
99
110
84
113
102
95
94
119
92
94
102
116
107
89
88
97
89
86
106
98
94
94
97
99
98
115
100
99
91
97
98
108
102
81
104
95
97
94
98
103
94
88
96
98
97
83
83
91
89
83
82
91
97
87
98
100
93
89
99
84
81
76
90
98
85
82
79
92
99
70
87
87
91
92
74
79
65
85
96
85
92
97
75
86
79
83
82
100
93
60
81
85
88
91
70
89
77
69
76
77
67
85
81
83
83
86
86
106
72
85
80
82
73
79
82
61
80
77
84
77
86
84
85
74
66
75
75
79
74
80
72
73
83
75
67
78
76
82
77
74
71
70
70
82
78
73
84
81
58
65
72
84
80
66
73
77
79
63
59
66
64
64
63
54
53
52
88
65
69
64
65
62
62
67
64
76
52
65
70
74
64
80
57
60
65
60
67
58
60
66
62
76
72
80
71
66
61
77
66
54
61
62
64
55
55
56
63
58
52
65
49
65
56
62
60
63
55
69
43
49
41
52
45
71
55
44
60
60
61
49
57
45
50
67
51
53
51
47
60
39
54
44
47
51
58
66
41
54
49
53
59
49
50
46
47
50
55
51
54
54
42
54
56
56
47
42
51
50
53
42
37
41
54
47
54
46
46
61
55
58
45
49
52
54
47
49
34
55
48
46
46
42
45
50
38
45
49
48
60
55
54
41
43
35
30
45
27
44
38
39
36
59
42
44
45
48
40
43
36
41
38
37
43
45
46
46
44
45
41
38
44
49
58
47
40
30
43
33
36
39
41
38
39
35
49
45
36
36
35
30
30
44
32
45
42
35
27
39
31
45
36
29
33
34
38
30
38
32
30
42
37
31
35
38
48
35
34
37
29
41
40
40
24
34
40
41
25
41
38
40
30
37
43
38
34
33
30
30
31
32
42
31
28
24
42
29
29
27
48
36
21
41
38
36
32
27
28
30
27
40
31
26
35
40
30
27
34
25
28
22
32
28
27
28
26
33
31
22
25
25
27
35
36
26
33
24
32
25
26
25
23
33
28
31
33
22
18
31
30
24
36
26
26
25
20
23
17
31
29
20
24
21
28
24
20
24
27
26
21
27
21
28
25
31
30
21
30
23
23
24
26
27
25
20
15
20
22
29
16
26
15
22
25
18
20
25
26
18
21
27
19
25
20
28
17
22
33
16
25
18
22
23
17
20
21
26
19
23
21
14
20
19
25
26
14
17
17
17
24
15
26
18
23
23
18
20
20
19
21
19
16
24
25
22
14
13
20
18
15
15
17
11
14
17
17
18
21
14
19
15
24
15
16
26
15
19
16
33
19
19
17
16
16
19
16
13
20
15
18
18
22
17
17
11
24
17
15
21
23
11
19
13
14
26
19
18
18
13
18
17
12
19
16
21
14
7
24
14
17
19
16
12
18
10
13
13
20
15
7
14
21
12
19
16
12
18
13
20
16
12
13
13
11
9
18
15
17
12
20
17
12
16
12
13
11
12
13
10
15
17
15
9
11
12
16
13
14
7
14
13
6
16
14
8
10
8
18
12
10
9
11
13
9
4
18
10
11
19
17
12
14
13
15
7
10
11
10
18
14
13
9
16
15
11
14
13
16
9
9
7
6
8
15
6
10
8
6
15
13
22
12
5
15
9
15
10
13
13
12
14
12
12
12
8
11
10
9
12
7
8
10
14
9
9
8
6
14
15
12
9
14
8
10
13
9
7
13
5
16
15
4
7
6
12
8
12
9
9
7
8
10
8
4
11
8
6
8
4
7
5
12
9
9
3
9
11
8
7
6
10
7
15
6
10
11
3
11
10
2
6
8
11
6
6
12
10
5
10
6
9
8
2
5
11
6
10
1
12
4
12
8
3
10
9
6
5
14
6
7
7
8
9
5
6
9
9
9
10
9
6
7
6
8
10
6
7
8
5
6
9
5
5
5
7
10
7
7
5
9
6
4
2
6
7
7
4
5
11
7
5
2
6
6
5
3
6
8
4
4
4
4
7
7
10
6
6
5
9
12
3
7
3
10
5
4
4
8
3
6
4
7
4
6
7
10
7
4
7
7
7
8
4
7
2
2
8
2
7
6
5
3
5
5
7
4
7
1
5
5
5
6
7
5
3
1
7
5
4
7
8
4
3
4
2
1
7
6
4
2
4
1
5
4
2
8
7
3
4
4
8
4
7
4
4
3
3
4
4
5
1
5
6
6
3
3
7
2
1
6
7
4
4
4
5
5
1
7
2
4
4
5
5
1
6
6
0
4
2
5
4
3
4
6
2
4
3
1
4
7
1
3
4
5
4
2
3
4
2
0
4
3
8
1
4
1
3
4
3
3
1
1
2
4
2
8
6
5
3
3
0
1
6
2
1
3
2
3
3
3
0
4
3
2
2
5
5
4
1
2
4
3
4
0
3
3
3
6
4
2
4
2
3
2
2
3
2
5
2
4
1
4
1
2
6
2
3
2
6
5
7
2
1
0
1
4
3
5
5
1
4
1
3
0
4
2
2
3
3
4
6
5
1
2
2
0
3
4
4
4
3
4
4
4
3
2
2
2
2
1
1
5
1
2
4
0
3
2
2
5
0
3
3
3
4
2
1
3
3
6
3
3
1
4
2
1
3
3
3
5
4
3
3
5
4
2
5
0
4
4
2
2
2
3
5
0
3
2
2
2
1
4
3
4
2
2
1
2
3
2
2
1
2
1
0
2
1
5
2
1
2
3
2
2
5
2
3
6
0
1
3
0
2
3
2
4
2
2
3
2
1
6
0
2
1
5
5
2
2
5
0
1
1
1
0
5
2
1
3
1
0
1
3
2
2
2
1
1
1
0
0
1
1
1
1
2
4
1
5
2
1
0
4
2
3
3
3
1
1
3
1
3
2
2
1
4
0
4
1
3
3
3
1
1
3
3
2
1
2
0
0
1
0
0
1
4
0
2
1
0
1
2
1
1
3
2
5
0
3
2
1
0
1
0
3
1
1
2
0
1
3
2
0
1
0
1
4
2
1
2
2
2
2
2
1
2
4
1
0
2
1
3
4
1
1
1
0
2
1
1
3
2
3
2
1
0
1
2
1
5
2
3
2
3
3
1
0
1
2
1
1
2
0
3
1
0
1
1
1
2
2
3
6
3
1
0
1
0
2
0
4
1
2
2
1
1
1
0
3
0
1
1
1
3
0
2
1
0
0
2
2
3
4
1
0
0
0
0
0
1
1
1
0
0
1
0
1
0
1
1
1
1
1
0
1
2
1
1
0
2
3
1
1
1
0
3
1
0
2
0
1
0
1
2
0
1
0
0
1
1
0
0
1
0
1
2
2
0
1
0
0
1
0
0
1
2
0
1
0
2
1
2
1
2
0
4
0
1
5
0
0
0
1
0
2
1
1
0
1
2
0
3
1
2
0
0
1
1
2
3
1
1
0
3
1
1
2
1
1
1
0
1
1
1
1
1
1
1
2
3
1
1
3
1
1
0
0
0
1
1
2
2
1
0
0
1
0
1
2
1
0
2
2
1
1
1
1
0
0
1
0
0
1
1
0
1
1
0
0
0
0
2
2
1
0
1
1
1
2
1
1
1
0
0
0
0
2
0
1
1
0
1
1
2
2
0
0
2
2
0
1
0
1
0
0
0
0
1
1
0
0
0
0
0
0
0
1
1
1
1
0
0
0
1
1
1
0
1
0
1
1
0
0
1
2
0
1
0
1
1
1
1
1
1
2
0
0
1
1
0
0
0
1
0
0
0
1
1
0
1
0
1
3
1
1
1
0
2
2
0
0
0
0
0
1
3
0
1
0
0
1
0
0
1
0
0
0
0
0
1
1
0
0
0
0
1
1
0
0
1
1
1
0
1
0
3
1
0
1
0
3
0
1
1
0
0
0
1
0
1
0
0
0
0
1
0
0
0
0
0
1
0
0
0
0
0
0
1
1
1
1
1
1
0
1
1
0
1
1
1
0
0
1
0
0
0
0
0
1
0
0
0
0
0
0
1
0
0
0
0
0
0
1
0
0
0
1
0
1
0
0
0
0
0
0
0
1
0
0
0
2
0
1
1
0
2
0
0
0
0
0
0
1
0
0
1
0
0
0
0
0
0
0
0
0
1
1
0
0
1
0
0
0
0
0
0
1
0
1
0
0
0
0
0
0
0
0
0
0
0
1
0
0
0
0
0
0
0
0
1
0
0
1
0
0
0
1
0
1
0
0
1
0
0
0
1
0
0
0
0
0
1
0
0
0
0
1
0
1
0
0
0
2
0
0
0
0
0
1
0
0
2
0
0
0
0
0
0
0
0
0
0
0
0
0
0
0
0
0
0
0
0
0
0
0
0
0
0
0
0
1
1
0
0
0
0
0
1
0
0
0
0
0
1
0
0
1
0
0
0
0
0
0
0
0
0
0
0
0
0
0
0
1
0
0
0
0
1
0
0
0
0
0
0
0
0
0
0
0
0
1
0
0
0
0
0
0
0
0
0
0
0
0
1
0
0
0
0
0
0
0
0
0
0
0
0
0
0
0
0
0
0
0
0
0
0
0
0
0
0
0
0
0
1
0
0
0
0
0
0
0
0
0
0
0
0
0
0
0
0
0
0
0
1
0
0
0
1
0
0
1
0
0
0
1
0
0
0
0
1
0
0
1
0
0
0
0
0
0
0
0
0
0
0
0
1
0
1
0
0
0
0
0
0
0
0
0
0
0
0
0
0
1
0
0
0
0
0
0
0
0
0
0
0
0
0
0
0
0
1
0
0
0
1
0
0
0
0
0
0
0
0
0
0
1
0
0
0
0
0
0
0
0
0
0
0
1
0
0
0
0
0
0
0
0
0
0
0
1
0
0
0
0
0
0
0
0
0
0
0
0
0
0
0
0
0
0
0
0
0
0
0
0
0
0
0
0
0
0
0
0
0
0
0
0
0
0
0
0
0
0
0
0
0
0
0
0
0
0
0
0
0
0
0
0
0
0
0
0
0
0
0
0
0
0
0
0
0
0
0
0
0
0
0
1
0
0
0
0
0
0
0
0
0
0
0
0
0
0
0
0
0
0
0
0
0
0
0
0
0
0
0
0
0
0
0
0
1
0
0
0
0
0
0
0
0
0
0
0
0
0
0
0
0
0
0
0
0
0
0
0
0
0
0
0
0
0
0
0
0
0
0
0
0
0
0
1
