0
0
0
0
0
0
0
0
0
0
0
0
0
1
0
1
0
0
0
0
0
0
1
0
0
0
0
1
2
1
0
2
0
1
0
2
1
2
1
1
1
4
1
1
2
0
4
2
2
1
1
0
0
3
0
2
1
2
3
1
3
1
0
0
1
3
2
2
1
1
2
1
3
3
2
5
5
9
9
5
6
6
12
7
12
14
14
18
20
22
41
46
37
49
67
67
74
96
101
146
156
186
177
266
248
291
317
360
415
418
457
570
594
639
747
862
871
943
980
1154
1283
1411
1482
1603
1724
1761
1924
2074
2311
2414
2678
2631
3007
3195
3361
3560
3744
3946
4194
4519
4644
4929
5097
5397
5735
5926
6521
6596
7020
7174
7492
7886
8282
8709
9013
9358
9674
10130
10471
10991
11392
11842
12274
12772
13292
13221
13654
14281
14548
15345
15696
16234
16489
16985
17497
18017
18290
18715
19198
19624
20144
20390
20645
21081
21577
22127
22542
22896
22874
23671
23825
24026
24494
24598
24876
25563
25649
26245
26715
26106
26773
27049
27314
27304
27455
27675
27812
28232
28265
28463
28798
29085
29133
28712
28954
29266
28972
29479
29791
29990
30060
29901
30025
29991
30371
30676
30417
30131
31031
30816
30966
30405
30835
30419
30563
30598
30948
30997
30993
31156
31096
31368
30890
31404
31345
31456
31523
31429
31596
31800
31283
31878
31845
31660
31724
31721
31961
32005
31892
32221
32337
32506
32438
32489
32618
32651
32900
32836
32716
33391
33068
33299
32890
33208
33513
33308
33734
33981
33572
33944
34092
34338
34290
34331
34056
34657
34592
34556
34723
34819
34776
35421
35107
35431
35667
35904
35494
35937
35865
35874
35948
36286
36068
36593
36787
37126
37258
37568
37035
37421
37644
37808
37700
37709
37669
37985
38421
38525
38918
39112
39182
38954
39029
39254
39735
39700
39934
39949
39966
40685
40741
40688
40841
41173
40906
41142
41178
41774
41541
41626
42474
42461
42540
42651
42711
42668
43148
42924
43410
43356
43591
43721
44463
44282
44624
44388
45174
44935
44737
45372
45840
45662
45832
46158
45902
46210
46794
46534
46666
46941
47050
46913
47742
47452
47753
48141
48135
48457
48204
49169
48831
49046
49676
49460
49580
49922
50084
50221
50862
50355
50989
50986
51270
51539
51676
51602
52458
52088
52077
52463
52834
52742
53056
53355
53244
53929
53410
54223
54481
54732
54687
55108
55215
55291
55399
55360
55962
56045
56144
56459
56777
56583
57309
57124
57176
57604
57872
58206
58278
58482
58809
59121
59022
59525
59361
59625
59862
60209
60887
60627
60740
61215
61205
60911
61632
62196
62121
62028
62344
62530
63219
63489
63789
63368
63669
64078
64139
65141
65256
64835
64943
65233
65911
65846
66054
66212
66396
66860
67009
67096
67901
67419
67491
68285
67745
68353
68195
68869
69251
69601
69438
69912
69818
70273
71303
70906
70861
71501
71115
71348
72215
72146
72444
72936
72928
73563
73753
74132
74107
74784
74678
74838
74852
75064
75949
76372
76108
77161
76358
77616
77530
78030
78078
78073
78667
78855
79305
79374
79443
79882
79855
80599
81331
81642
81414
81951
82232
82563
82831
83066
82798
83438
83612
84620
85067
85051
85187
85578
85871
86457
87396
87544
87626
87560
88906
88651
89106
89011
89616
90848
89876
91220
90990
91705
92480
92992
92875
93346
93820
94023
94685
95312
95423
96004
96129
96707
96743
97406
98853
99184
98942
99400
99870
100238
101444
101181
102359
102455
103546
103307
104076
104789
104674
105245
106661
106415
107667
107768
108596
109702
110066
110378
111085
111384
112202
112553
113971
114133
114602
115256
115900
116031
117268
118192
118249
119071
119019
120679
120525
121728
122898
123491
124062
124629
124558
126663
127123
127298
127607
129284
129942
130730
131550
132814
133393
134011
135025
135278
135885
137512
138033
138972
140260
140790
142352
142986
143583
144049
145540
146632
146990
148175
148120
149988
150478
151692
153373
153076
154437
156017
157684
157292
158901
160293
160409
161261
162809
164625
164947
166333
167208
167772
169600
169864
172074
172663
172568
174193
174969
176410
177108
179100
179669
180453
182206
182419
184065
185129
185897
187367
188295
188763
190233
190716
191815
192268
194635
196377
196937
198188
198457
199330
200976
201538
203197
204017
205641
205543
207254
208223
208993
209436
210481
211744
212257
213199
213685
214736
217095
216608
217526
219041
219916
221064
221215
222701
222759
223940
224924
224974
225706
226770
227042
227556
228487
229284
230302
230824
231179
231315
232677
233574
233220
234413
234409
234619
234504
235391
236824
236883
237327
236641
237750
238262
238498
238686
239399
239388
238632
240310
239947
240730
240595
239783
240835
240351
240381
240129
240553
239687
240999
240557
239353
240414
240448
239262
239232
239416
239356
238695
239597
238638
239554
238769
237316
237436
237100
237229
236178
236911
236248
235423
235009
233981
233200
233765
233034
232617
233227
231673
230675
230120
229210
228881
227550
228303
226542
226871
225415
225811
223341
224220
222790
222586
222317
221091
219746
219274
219216
218493
216933
217114
216123
214558
214282
213063
213059
212380
211295
210762
209188
208482
207404
207164
206239
204859
205421
203135
202747
202273
201367
199959
199192
198551
198524
198362
196147
195883
194465
193926
192934
192392
190441
189760
189790
188438
188685
186307
186960
185709
184989
183570
183206
181155
181110
181255
179560
178537
177493
177874
176201
176056
175498
174302
173517
172816
171587
170875
170462
169332
168843
168153
166978
166847
166415
165377
163802
163336
163365
162018
161908
161163
160090
159991
157847
158775
157530
156846
156071
155445
155017
154555
153605
152379
152543
151468
151407
150716
150166
149079
147974
147307
147519
147060
145758
145702
145208
144449
144243
144092
142806
142914
142555
140775
140367
139689
139532
139267
138082
138246
137232
136531
136804
135496
135127
135011
135086
134050
133073
133417
132749
132219
131578
131229
130934
130525
129825
129515
129456
127974
128935
127924
127953
127162
127889
126377
126574
126085
125310
125210
124554
124025
124024
123416
122528
123400
122489
122418
121118
121707
120949
120857
120197
119510
119051
119732
118988
119240
118218
118318
118132
117733
116573
116961
117161
116695
116786
116430
115361
115581
115390
114389
114679
114317
113825
113841
112896
113709
113530
112998
112819
112486
111897
111915
111868
111839
111549
110909
111603
111118
110782
110516
110434
109757
110405
109414
109635
109630
109131
109073
108880
108472
108125
107854
108146
108168
107586
108345
107708
107966
107925
106616
106900
106759
106957
106598
106814
106532
106903
106746
106406
106861
106413
106197
106472
106047
105996
105965
105562
105953
105309
105677
105091
105177
105342
105397
104782
104917
104992
105092
104671
104597
104824
104565
105333
104430
104624
104971
104379
104684
104209
103915
104499
104299
104302
103760
104820
104099
104189
104373
104124
104194
104111
104492
104785
104748
104088
104234
104420
104651
104456
104277
104731
104500
104728
104999
104616
104724
104856
104812
105403
104840
105079
104547
104601
104674
104984
105300
105321
105391
105633
104944
105201
105495
105303
106034
105794
105827
105852
105423
106136
106066
106419
105952
106102
106140
106322
106118
106912
106173
106451
107075
106846
106529
106913
107181
107068
106591
107031
107424
107488
107528
107832
107552
108167
108027
107574
108565
108218
108682
108588
107910
108437
108484
108570
108795
108985
109359
109095
108925
108990
109454
109738
109870
109991
110119
110052
110193
110066
110178
110561
110919
110190
110777
110899
111203
110666
111686
111864
110751
111663
111540
111166
111581
111951
111945
112394
112521
112165
112164
112651
112911
112551
112636
112649
113595
112853
113162
113287
113825
113926
114086
114078
114173
114099
114667
114584
114734
115000
115328
115235
115141
115748
115553
115570
115948
115816
115858
116592
116160
116993
116944
117065
117446
117657
117377
118022
117832
117830
118053
118487
118450
118724
119175
119003
119531
119238
119535
119923
120615
121009
121348
121284
121285
121701
121976
122841
122384
122946
123182
123936
123822
124023
124449
124808
124812
125354
126629
127015
126051
125815
126619
127523
128142
128751
128336
128689
129386
129784
129902
131204
131504
132200
132914
133699
133106
133845
134477
135368
135430
135975
136579
137297
138228
138011
139252
138857
140355
140976
141589
142520
142929
143693
144556
144270
145791
146678
147152
147889
148495
149329
150002
150918
151785
152168
152685
153830
154584
156126
156307
156597
157771
158852
159126
160019
160716
161517
162356
163388
163989
164860
165594
166351
167119
168941
168758
169989
169648
171581
172238
172469
172505
174459
174403
175879
175538
175600
176687
176619
177501
178890
179397
179232
180862
180381
181182
182746
182611
182013
182393
183011
183535
183426
183719
183260
184307
184826
184370
184384
184042
183745
184184
184329
184267
184196
183606
183773
183550
183334
183164
182148
182145
182139
181336
180622
179325
179168
179879
178126
177969
176831
176140
176101
174812
172928
173497
171461
170025
169258
169099
167119
166685
165467
163958
163330
161126
160553
159938
158435
157630
155435
153350
153240
152124
149544
148322
146945
145263
144302
141918
141140
139640
138822
136425
135332
133124
131434
129685
128237
126731
124741
123355
121896
120265
117859
116349
115382
113223
111028
109861
107615
106516
104434
103054
101136
99587
98326
96286
94161
92702
90936
89503
88051
86744
84639
82947
81682
79718
78354
76744
75305
73890
72043
71387
69502
67921
66554
65053
63724
62303
61161
59366
57685
56364
55450
54131
52915
51616
50894
48917
48009
46698
45728
44686
43206
42426
41276
40261
39079
38087
37362
36509
35529
34429
33315
32606
31366
30917
29697
29273
28359
27768
26976
26163
25558
24579
24168
23420
22764
21872
21620
20778
20105
19670
18881
18702
17822
17415
16965
16396
16043
15609
15095
14563
14356
13971
13269
13003
12640
12427
12152
11555
11244
10991
10659
10249
9907
9633
9474
9131
8644
8565
8234
8021
7669
7667
7209
7021
6806
6661
6361
6320
6217
6103
5854
5392
5571
5217
5080
4837
4871
4700
4479
4507
4362
4151
4029
3942
3746
3745
3622
3455
3366
3304
3065
3102
3002
2825
2819
2717
2669
2596
2618
2481
2263
2348
2284
2192
2042
2025
1995
1940
1898
1765
1845
1677
1697
1652
1548
1526
1583
1526
1473
1392
1362
1325
1269
1262
1137
1193
1158
1147
1138
1109
1051
976
944
858
958
939
864
852
860
860
777
773
723
686
711
721
684
671
646
603
629
599
545
529
585
582
516
507
527
517
464
455
463
457
474
456
425
403
434
383
368
377
394
353
376
324
340
340
280
306
324
309
298
292
283
266
280
238
240
254
253
251
239
223
242
245
218
227
249
218
226
229
239
221
202
213
207
204
180
191
187
199
173
195
185
166
202
185
203
187
202
161
201
201
193
171
157
144
185
162
165
128
153
191
146
158
162
168
173
167
171
160
145
167
133
154
155
129
144
157
157
154
135
149
149
146
180
162
135
137
133
149
138
150
134
143
151
138
157
128
128
120
125
145
152
136
139
133
140
128
124
120
137
119
126
142
117
143
153
118
137
124
109
131
139
118
107
128
118
131
125
107
144
133
118
136
106
114
130
114
122
135
114
95
128
104
131
108
134
118
113
123
108
129
120
154
100
109
113
124
121
108
112
123
112
117
130
111
109
134
102
112
132
124
106
128
118
107
105
107
102
122
107
95
133
116
114
115
108
107
122
128
106
106
100
108
95
105
103
98
103
94
121
127
107
106
113
95
107
101
97
97
104
113
94
104
110
114
84
103
110
88
107
122
95
94
89
82
91
106
104
112
101
86
92
94
109
86
101
95
67
106
109
89
94
87
92
91
98
81
89
91
99
79
92
98
96
77
104
88
82
88
87
103
81
98
83
88
72
101
68
86
86
74
93
94
88
74
88
95
106
91
94
79
89
79
83
74
89
83
99
86
88
83
84
76
79
72
68
88
86
83
91
72
69
83
85
76
93
76
76
83
88
65
83
88
91
81
84
75
87
90
72
91
81
81
72
75
78
73
64
88
89
82
67
66
89
70
77
66
80
67
68
55
83
71
73
77
82
64
84
60
64
76
70
79
89
50
84
89
54
71
73
61
83
65
77
68
62
67
70
66
52
70
72
70
77
70
58
69
65
70
72
73
70
65
73
68
67
71
67
63
58
76
67
59
52
67
48
60
62
77
57
60
57
75
60
56
66
60
67
61
61
71
60
65
62
72
68
65
59
64
70
67
55
50
50
52
65
57
64
70
48
46
74
58
61
57
64
71
71
62
61
44
55
54
68
52
48
53
73
64
58
57
54
70
59
64
59
56
57
47
60
61
51
43
52
52
52
60
60
54
56
55
62
54
41
59
61
50
58
54
61
38
54
46
57
57
64
49
39
52
47
50
51
63
45
52
52
51
45
52
53
59
44
51
52
47
43
60
63
44
59
44
47
45
42
48
61
50
38
43
46
46
40
56
42
32
46
54
42
40
48
36
42
46
46
48
47
33
55
41
44
37
38
51
48
39
45
43
46
42
35
37
30
50
37
36
44
40
46
53
46
35
24
38
39
38
34
47
40
41
37
43
43
64
43
41
46
38
46
55
40
41
44
43
42
35
39
28
56
45
42
35
45
39
34
36
39
35
34
24
43
35
36
31
33
37
43
39
34
31
39
44
49
40
42
40
34
38
38
39
43
34
43
33
53
39
22
30
43
40
42
38
41
51
39
37
45
38
37
36
40
35
33
24
37
29
40
41
30
38
47
36
43
40
31
39
27
34
31
33
36
32
32
41
24
40
30
33
27
32
37
36
38
36
26
38
37
33
27
36
34
35
40
42
36
36
40
37
32
45
35
39
25
26
28
30
32
31
29
32
36
37
28
29
22
34
31
26
30
27
32
29
27
29
25
29
25
29
27
24
23
35
29
24
29
28
27
32
29
22
26
25
30
26
20
26
37
32
24
23
34
25
25
28
15
30
18
26
25
27
28
31
26
23
28
18
38
33
24
15
23
32
25
22
30
24
22
32
22
29
23
29
30
28
34
26
29
27
26
24
30
31
22
19
18
26
29
21
36
27
28
25
29
20
24
14
21
30
36
22
37
26
22
25
27
22
25
29
21
14
22
32
24
25
23
29
21
21
19
27
22
26
27
26
19
28
31
26
20
31
30
23
22
24
30
22
18
24
17
22
17
22
17
24
17
28
17
26
17
25
22
26
20
21
15
23
25
25
21
21
22
18
15
14
18
16
15
22
22
21
17
33
21
20
28
19
23
23
21
23
22
11
22
20
21
20
18
15
15
12
24
28
19
21
26
23
36
21
17
13
14
19
15
10
27
22
17
18
21
24
14
16
14
21
17
21
16
21
19
9
18
12
21
16
20
20
16
22
14
20
20
11
30
21
23
22
18
24
11
16
20
15
17
20
26
20
18
15
22
22
20
15
23
20
19
13
16
20
15
20
17
19
13
12
12
19
14
13
27
7
28
12
13
22
19
14
15
16
21
15
21
22
13
14
12
17
16
19
8
19
16
15
14
22
11
9
19
16
12
19
12
18
17
10
16
13
17
11
13
14
16
12
13
19
12
15
19
15
13
16
20
18
10
15
16
8
11
11
9
16
10
14
9
8
11
16
8
12
16
12
12
16
15
14
15
12
15
17
14
17
13
11
10
21
15
10
27
16
10
13
11
8
12
10
5
12
7
10
12
11
14
17
10
15
15
7
4
9
12
7
12
11
13
14
10
9
14
17
13
11
14
9
11
14
8
13
16
11
9
13
12
13
10
8
15
11
12
11
10
11
15
16
15
11
13
16
9
10
15
10
9
9
9
11
12
10
16
19
15
21
12
6
11
7
8
9
16
10
9
13
12
10
13
13
9
13
3
14
8
8
6
9
7
6
10
8
7
7
9
6
8
13
9
17
11
1
15
15
6
9
8
18
11
10
8
6
4
10
16
13
7
12
14
7
7
7
5
9
4
17
8
10
6
15
14
6
8
7
15
8
9
10
12
10
10
13
5
6
6
9
8
10
8
8
12
7
8
10
10
4
13
6
8
10
11
10
7
6
14
8
6
1
6
7
8
8
7
14
10
7
7
14
7
13
5
7
8
8
8
11
4
6
10
5
7
15
4
9
6
6
9
12
7
3
5
9
7
5
8
6
8
12
9
2
6
12
4
3
10
7
12
5
7
7
6
6
5
4
9
2
4
11
4
10
6
6
5
10
3
5
6
8
1
7
7
5
12
4
4
12
6
9
7
2
11
6
4
8
5
8
8
4
7
7
9
8
4
7
4
8
7
6
5
3
3
4
6
9
2
9
5
7
5
2
3
3
8
5
4
4
6
6
4
6
7
6
5
4
6
6
6
6
6
4
5
8
4
6
5
3
3
5
3
6
3
7
8
5
4
11
3
4
4
2
3
7
10
4
7
2
10
7
4
3
7
1
4
1
5
7
5
4
6
3
5
4
5
3
2
4
2
8
9
4
2
2
6
4
5
4
3
5
3
2
4
1
4
9
8
7
5
5
3
5
2
3
3
2
5
4
6
5
4
7
4
2
3
6
3
1
3
3
3
3
5
2
2
6
2
6
2
4
4
1
6
7
6
6
4
4
4
1
3
5
2
3
1
1
4
4
9
5
0
2
4
4
5
2
4
5
2
2
6
2
5
4
5
3
1
7
4
1
3
0
1
3
4
5
3
4
3
3
2
3
2
4
3
3
5
3
6
5
0
4
3
5
2
1
2
5
4
8
3
3
4
3
2
3
5
2
4
1
4
2
2
2
2
4
2
3
6
1
4
1
2
0
2
1
3
4
3
3
1
3
2
4
3
3
2
2
5
4
4
1
2
2
1
5
2
6
4
3
3
3
3
2
3
4
0
5
2
4
0
0
3
2
0
6
1
4
1
1
2
4
2
0
1
1
0
0
1
2
0
3
2
0
2
4
4
0
3
3
2
1
1
3
6
1
5
1
1
2
1
4
2
2
1
1
2
2
4
1
3
2
2
5
2
2
3
2
2
3
1
0
2
3
2
3
0
4
1
1
1
1
1
2
2
0
4
1
0
2
4
1
3
1
4
1
1
3
0
1
1
4
1
3
2
2
1
1
2
0
0
3
0
0
4
2
2
2
0
3
2
1
1
2
3
4
2
3
2
0
4
2
1
3
5
0
4
1
2
1
3
0
1
0
1
2
2
2
1
0
2
3
4
3
2
3
5
1
4
1
3
1
4
1
1
0
2
1
1
1
1
0
2
1
1
2
2
1
2
1
2
3
0
3
1
0
0
1
2
2
1
1
1
2
1
1
1
3
1
0
0
1
3
1
3
1
2
0
1
0
1
0
1
1
1
0
2
2
1
0
1
1
1
2
0
1
2
1
0
2
3
1
1
0
2
1
3
0
0
2
0
0
0
0
1
1
2
2
0
3
1
4
2
3
0
1
0
1
0
0
1
2
0
1
2
0
1
1
1
0
0
0
0
0
1
0
1
2
0
2
1
2
1
1
1
0
0
1
1
0
2
0
0
1
1
0
1
0
1
1
1
2
0
1
1
1
1
1
1
0
1
0
1
0
4
0
1
1
0
1
2
1
0
1
1
1
0
0
0
1
0
1
1
2
1
0
2
0
0
0
0
0
0
3
2
1
1
1
1
1
0
1
4
2
1
0
1
0
1
1
1
0
0
1
1
2
1
0
0
1
0
1
1
1
2
0
1
0
1
0
0
0
3
1
0
1
2
2
2
0
1
2
1
0
0
0
0
1
0
1
0
0
2
0
0
4
0
0
0
0
1
1
2
1
0
3
1
0
0
0
2
1
0
0
2
1
2
1
0
0
0
0
0
0
1
0
1
0
1
1
1
2
0
1
1
0
2
1
0
0
0
0
1
0
1
1
0
1
0
1
0
1
0
1
0
1
1
0
0
0
1
0
0
1
0
0
0
1
0
0
0
0
1
0
1
0
0
0
0
0
0
0
0
0
0
0
1
3
2
0
0
0
0
1
1
1
0
1
0
0
1
0
2
0
0
0
0
1
0
1
0
0
0
0
0
0
0
0
0
0
2
0
1
0
1
0
0
0
0
0
0
1
1
1
0
0
1
0
0
0
0
0
0
0
0
1
0
0
0
0
0
0
1
0
0
0
2
0
1
0
0
1
0
0
1
0
0
0
0
0
0
0
0
0
0
0
0
0
0
0
0
0
0
0
1
0
0
0
0
0
1
0
0
0
0
0
0
0
0
0
0
0
0
0
0
0
1
0
0
0
0
0
0
0
0
0
1
0
0
1
0
0
0
0
1
0
1
1
1
2
0
0
0
0
0
0
0
0
1
0
0
0
0
0
0
0
0
0
0
0
0
0
0
1
0
0
0
0
0
0
1
0
1
0
0
0
0
0
0
0
0
0
0
0
1
0
0
0
0
0
0
0
0
0
0
0
0
0
0
0
0
0
0
0
0
0
0
0
0
0
0
0
0
0
0
0
0
0
1
0
0
0
0
0
0
0
0
0
1
0
0
0
0
0
0
0
0
0
0
0
0
0
1
0
0
0
0
0
0
0
0
0
0
0
0
0
0
0
1
0
0
0
0
0
0
0
0
0
0
0
0
0
0
0
0
0
0
0
0
0
0
1
0
0
0
0
0
0
0
0
0
0
0
0
0
0
0
0
0
0
0
0
0
0
0
0
0
0
0
0
0
0
0
0
0
0
0
0
0
0
0
0
0
0
0
0
0
0
0
1
0
0
0
0
0
0
0
0
0
0
0
0
0
0
0
0
0
0
0
0
0
0
0
0
0
0
0
0
0
0
0
0
0
0
0
0
0
0
0
0
0
0
0
0
0
0
0
0
0
0
0
0
0
0
0
0
0
0
0
0
0
0
0
0
0
0
0
0
0
0
0
0
0
0
0
0
0
0
0
0
0
0
0
0
0
0
0
0
0
0
0
0
0
0
1
0
0
0
0
0
0
0
0
0
0
0
0
0
0
0
0
1
0
0
0
0
0
0
0
0
0
0
0
0
0
0
0
0
0
0
0
0
0
0
0
0
0
0
0
0
0
0
0
0
0
0
0
0
0
0
0
0
0
0
0
0
0
0
0
0
0
0
0
0
0
0
0
0
0
0
0
0
0
0
0
0
0
0
0
0
0
0
0
0
0
0
0
0
0
0
0
0
0
0
0
0
0
0
0
0
0
0
0
0
0
0
0
0
0
0
0
0
0
0
0
0
0
0
0
0
0
0
0
0
0
0
0
0
0
0
0
0
0
0
0
0
0
0
0
0
0
0
0
0
0
0
0
0
0
0
0
0
0
0
0
0
0
0
0
0
0
0
0
0
0
0
0
0
0
0
0
0
0
0
0
0
0
0
0
0
0
0
0
0
0
0
0
0
0
0
0
0
0
0
0
0
0
0
0
0
0
0
0
0
0
0
0
0
0
0
0
0
0
0
0
0
0
0
0
0
0
0
0
0
0
0
0
0
0
0
0
0
0
0
0
0
0
0
0
0
0
0
0
0
0
0
0
0
0
0
0
0
0
0
0
0
0
0
0
0
0
0
0
0
0
0
0
0
0
0
0
